斑点图生成代码

%HeatMap(textread('E:\SL_snapshot\Snapshot_50_init_M3_a3_b1.02\SL_snapshot_init_M=3_a=3_b=1.02_i=5000_fc=0.834.txt'));

斑点图输入文件

1 1 0 0 0 0 1 0 1 0 1 1 0 1 1 1 0 1 1 1 0 0 0 1 1 0 0 0 0 0 0 0 1 0 0 0 1 0 1 0 1 1 0 0 0 1 1 1 1 0
0 1 0 0 1 0 1 0 0 0 1 1 0 0 0 1 1 0 1 1 0 0 0 0 1 0 0 0 1 1 1 1 1 0 0 1 1 0 0 1 0 1 0 1 1 1 0 0 0 0
0 1 1 1 0 1 0 0 0 0 1 1 0 1 1 1 0 1 1 1 0 1 1 0 0 1 1 1 1 0 1 0 0 0 0 0 1 1 0 0 1 1 1 0 1 0 1 0 1 0
1 1 0 0 0 1 0 0 0 0 1 1 1 1 0 1 0 1 0 0 0 1 1 1 1 1 0 0 0 1 1 1 1 1 1 0 1 1 1 0 0 0 0 1 1 1 1 0 1 1
1 1 1 1 0 0 1 0 1 1 1 0 1 0 1 0 1 1 0 0 0 0 1 0 0 0 0 0 0 0 1 1 0 1 0 0 1 0 0 1 1 1 1 1 1 1 0 1 0 1
0 1 0 0 1 0 1 0 1 1 0 0 1 0 1 1 0 1 1 0 1 1 0 0 0 1 1 1 1 0 0 1 0 0 0 1 0 1 0 1 1 1 0 0 0 0 0 1 1 0
1 1 1 1 1 0 0 0 1 1 1 0 0 0 1 1 1 0 1 0 1 1 1 1 1 1 0 0 1 1 0 0 1 1 0 1 1 0 0 0 0 1 0 0 0 0 1 0 0 1
0 0 1 0 0 1 1 1 1 0 1 1 0 1 1 1 0 1 1 1 1 0 0 1 1 1 0 0 1 0 1 0 1 1 0 1 1 1 1 0 0 0 0 1 1 1 0 0 0 1
0 1 0 1 1 0 1 1 1 1 1 0 1 1 0 0 0 0 1 1 0 0 0 0 1 1 0 0 0 1 0 0 0 1 0 0 1 0 1 0 0 0 0 1 0 1 1 0 1 1
1 0 1 1 0 0 0 1 0 1 0 1 1 1 1 1 1 1 1 1 0 1 0 1 1 0 1 1 1 0 0 1 1 1 0 0 0 0 1 1 0 0 0 1 1 1 1 0 1 1
0 1 1 1 0 1 0 1 1 0 0 1 0 0 1 0 0 1 1 0 1 0 0 0 1 1 1 1 1 1 0 1 0 0 1 0 1 1 0 0 0 0 1 0 1 0 0 0 1 0
0 1 1 1 0 1 0 1 0 0 1 0 0 1 1 1 0 1 1 0 0 0 0 0 1 1 0 1 1 0 1 0 1 1 0 0 0 0 0 0 1 1 0 1 0 1 1 0 0 1
1 0 1 1 0 1 1 0 0 0 0 0 0 0 0 0 1 0 0 1 1 0 1 1 1 1 0 0 0 1 1 1 1 0 0 1 1 1 1 0 1 1 0 1 0 0 0 0 0 0
0 1 0 1 0 1 0 0 0 0 1 0 0 1 0 0 0 1 0 1 0 0 0 1 1 0 1 1 1 1 0 0 1 1 1 0 0 1 0 1 0 0 0 1 0 1 0 0 0 1
1 0 1 0 1 0 0 0 0 0 0 1 1 1 0 0 1 1 1 0 0 1 0 1 1 0 0 0 1 1 0 0 0 0 1 1 1 1 0 1 0 0 1 0 0 1 0 0 0 1
1 1 1 0 1 0 1 1 1 0 1 0 0 0 1 1 0 1 0 1 0 1 1 0 1 0 0 1 0 0 0 1 1 0 1 0 1 0 0 1 1 1 0 1 1 0 0 1 1 1
1 0 0 0 1 1 0 0 1 0 1 1 1 1 0 1 0 1 0 1 1 1 1 0 0 0 1 1 0 1 1 0 1 0 0 1 1 1 0 0 0 1 1 1 1 1 0 1 1 1
0 1 1 1 1 1 0 0 0 0 0 1 0 0 1 0 1 1 0 0 1 1 1 0 1 0 0 0 1 1 1 0 0 1 1 1 0 0 1 0 0 0 1 0 0 0 0 0 0 1
1 0 1 1 1 0 1 0 0 1 1 0 0 0 1 1 1 1 1 1 1 1 0 1 1 0 1 1 1 0 1 1 0 0 0 0 0 1 1 0 0 1 0 1 1 1 0 0 0 1
0 0 0 0 0 0 1 1 0 1 0 1 1 0 1 1 0 0 0 0 1 1 0 0 0 1 1 1 0 1 1 1 1 1 1 0 1 0 1 1 0 1 1 1 1 0 1 0 1 1
0 0 0 0 1 0 1 0 0 0 0 0 0 0 1 0 1 1 1 1 0 0 0 0 0 1 0 0 0 1 1 1 0 1 0 0 1 1 1 1 1 1 0 1 0 1 0 1 1 1
1 1 1 1 0 0 0 1 0 1 1 1 1 1 0 0 0 1 0 1 1 0 0 1 1 0 0 0 1 0 1 1 0 0 1 1 1 0 0 1 0 0 1 0 1 1 0 1 0 0
0 0 1 0 0 1 1 0 0 1 0 1 0 0 0 1 1 0 1 0 1 0 0 0 1 0 1 1 1 1 0 0 0 1 1 0 0 0 0 0 1 1 1 0 0 1 0 1 1 0
1 0 0 0 0 0 1 1 0 1 1 0 1 0 1 0 1 1 1 0 1 1 1 1 1 1 0 0 0 0 0 0 0 0 0 0 0 1 0 0 1 1 0 0 1 1 0 0 0 1
1 1 1 1 0 1 0 1 1 1 0 1 1 0 1 1 1 1 0 0 1 0 1 1 0 0 1 0 0 0 0 0 0 0 1 0 0 1 0 0 1 0 1 1 0 0 1 1 0 0
1 1 0 1 0 0 0 0 0 1 0 1 0 0 0 1 0 0 1 1 1 0 1 1 0 1 1 1 1 1 0 0 1 1 1 0 0 0 0 1 1 0 0 0 1 1 1 0 0 1
1 1 0 0 0 1 0 0 0 0 1 0 1 0 1 0 1 1 0 1 1 0 0 1 0 1 0 1 1 0 1 1 0 1 0 1 1 1 0 1 1 1 0 1 0 1 0 0 1 1
0 0 0 1 1 1 1 1 0 1 0 1 0 1 1 0 1 1 1 1 1 1 0 1 1 1 0 0 0 1 0 1 0 0 1 1 0 0 1 0 0 0 0 1 0 1 1 1 1 0
1 1 1 0 1 1 0 0 0 1 1 0 0 0 0 0 0 1 0 0 1 1 0 0 0 1 1 0 1 0 1 1 1 0 1 1 1 0 1 1 1 1 1 0 0 0 0 0 0 0
0 1 0 1 1 1 0 0 1 1 1 1 0 1 0 1 1 1 0 1 1 1 0 1 0 1 1 0 1 0 1 0 1 0 0 0 1 0 0 0 0 0 0 1 0 0 0 1 1 0
1 1 1 0 1 1 0 1 1 0 1 1 0 1 1 0 1 0 0 0 0 1 0 1 0 0 0 0 0 1 0 0 1 1 1 1 0 0 0 1 0 0 1 1 0 1 0 1 0 0
1 1 1 0 1 0 1 1 0 1 1 1 0 0 0 1 0 1 1 1 0 1 1 0 0 0 1 1 1 1 0 1 0 0 0 1 0 0 1 1 0 0 1 1 1 0 0 0 1 0
0 1 1 0 1 1 1 1 0 1 1 0 0 0 1 1 0 1 0 1 1 0 0 0 0 1 0 1 0 1 0 0 0 1 0 0 1 1 1 1 0 1 1 0 0 1 0 1 1 0
0 0 1 1 0 1 1 0 0 0 0 1 0 0 1 0 0 0 0 0 0 0 1 0 1 0 1 1 0 0 1 1 1 0 1 0 1 1 1 0 0 1 0 0 1 1 0 1 0 1
0 1 0 0 0 1 1 1 0 1 0 0 0 0 1 0 1 0 0 0 0 1 0 1 0 0 1 1 0 1 0 0 1 0 1 0 0 0 0 1 1 1 1 0 0 0 1 1 1 0
1 0 0 1 1 0 0 0 1 1 0 1 1 1 1 0 0 0 0 0 1 1 1 1 1 0 1 0 0 0 0 0 1 0 0 1 1 0 0 1 0 1 0 0 0 0 0 1 1 1
1 0 1 1 0 1 0 1 0 1 1 0 1 0 0 0 0 1 0 0 1 0 1 0 1 0 0 0 1 0 0 0 0 1 1 0 0 0 0 1 0 0 1 0 0 0 0 0 0 0
0 0 0 0 1 0 0 0 1 0 1 1 0 1 0 1 1 0 0 1 1 1 0 0 0 1 0 0 0 0 1 1 1 0 1 0 0 0 0 0 1 1 0 0 1 0 0 1 0 1
1 0 0 1 0 0 1 0 0 0 0 1 1 0 1 1 1 0 0 1 0 1 1 0 0 0 1 1 1 1 0 1 0 1 1 0 1 1 0 0 0 1 0 0 0 1 0 0 1 0
1 1 0 1 0 1 0 1 0 1 1 1 0 1 1 0 0 1 1 0 0 1 0 1 1 1 1 1 1 1 1 0 0 0 1 0 1 0 0 0 1 1 0 1 1 0 1 1 0 0
1 0 1 0 0 1 0 1 1 1 1 1 1 1 0 1 1 0 1 1 0 0 1 1 1 0 0 0 0 0 1 0 1 1 1 1 1 0 0 1 1 0 0 1 0 1 1 0 0 0
1 0 0 1 1 0 0 1 0 0 1 1 1 1 1 0 1 1 0 1 1 1 1 1 0 0 0 0 1 0 0 1 0 1 1 0 1 0 0 1 0 0 1 0 1 1 1 1 0 1
1 1 1 1 1 1 0 1 0 0 0 1 1 0 1 0 0 1 1 1 0 0 0 1 0 1 0 1 1 0 0 1 0 0 0 1 1 0 1 0 0 0 0 1 1 1 0 1 1 1
0 1 1 0 1 1 1 1 0 0 1 1 1 0 0 0 0 0 1 1 0 1 0 0 1 0 1 1 1 0 1 1 0 0 0 0 0 1 1 1 0 1 0 0 0 0 0 0 0 1
1 1 1 0 1 0 0 0 1 0 0 0 1 0 0 1 1 1 0 1 1 0 0 1 0 1 0 0 1 0 1 0 1 0 1 0 1 1 0 0 1 1 1 1 0 0 1 0 0 1
0 1 1 1 1 0 1 0 0 0 1 0 1 0 1 0 0 0 1 0 1 1 1 0 0 1 1 1 1 0 1 1 0 1 0 1 0 1 0 1 0 1 1 1 1 0 0 0 0 0
1 1 0 1 1 1 0 1 1 1 0 0 1 0 0 1 1 1 1 0 0 0 1 0 1 1 0 0 1 1 1 0 1 1 1 1 0 1 0 1 1 0 1 0 0 0 0 1 1 1
1 0 1 0 0 0 1 0 1 0 1 1 1 0 0 1 0 1 1 1 0 0 0 0 1 0 1 0 0 0 1 0 0 1 1 0 0 1 1 0 0 1 0 0 0 0 1 1 0 1
1 0 0 0 1 0 0 1 1 1 0 0 1 1 1 1 1 0 0 0 0 1 1 1 0 0 1 0 0 1 1 0 0 0 0 0 0 1 0 1 1 1 1 0 0 0 0 0 1 0
1 0 1 0 0 1 1 0 1 0 1 1 1 1 1 1 1 1 0 1 1 1 0 0 0 1 0 0 1 1 1 1 0 0 1 1 1 0 0 1 1 0 0 0 1 0 0 0 1 0


时序图生成代码(这里画出来是三条线)
A = textread('E:\SL_snapshot\TimeStep\TimeSetp_b=1.02_M0.txt');
B = textread('E:\SL_snapshot\TimeStep\TimeSetp_b=1.02_M3_a1.txt');
C = textread('E:\SL_snapshot\TimeStep\TimeSetp_b=1.02_M3_a3.txt');
X = (1:1:5001);
plot(X,A);
hold on plot;
plot(X,B);
hold on plot;
plot(X,C);
legend('α=0','α=1','α=3');
set(gca,'FontSize',20);
xlabel('t');
ylabel('Fc');

其中一个时序图输入文件是
0.5
0.358
0.3284
0.2776
0.262
0.2564
0.2508
0.2548
0.2556
0.2628
0.2676
0.2704
0.268
0.278
0.2952
0.3064
0.302
0.3004
0.3056
0.3084
0.316
0.318
0.3248
0.3172
0.3184
0.3272
0.3348
0.3296
0.3264
0.344
0.3404
0.3448
0.346
0.3544
0.3544
0.3628
0.3568
0.3616
0.3612
0.3596
0.3552
0.3724
0.3692
0.3744
0.3688
0.3704
0.3652
0.37
0.3752
0.3824
0.372
0.374
0.368
0.3628
0.3748
0.372
0.372
0.3656
0.3588
0.3652
0.3728
0.3788
0.368
0.3664
0.3724
0.3712
0.3772
0.39
0.3908
0.3968
0.388
0.3872
0.3772
0.378
0.3688
0.3672
0.3768
0.3836
0.3908
0.3796
0.3764
0.3696
0.3848
0.3812
0.3904
0.3872
0.3924
0.3912
0.3944
0.394
0.392
0.3896
0.3792
0.3772
0.3768
0.3844
0.3788
0.3688
0.3708
0.3784
0.3828
0.3848
0.3872
0.3732
0.3724
0.3804
0.3752
0.364
0.3644
0.3576
0.3408
0.3544
0.3484
0.3452
0.346
0.3592
0.3548
0.346
0.3452
0.3392
0.33
0.3168
0.316
0.3144
0.316
0.3104
0.3136
0.3268
0.3224
0.3248
0.3336
0.344
0.3508
0.3424
0.344
0.3376
0.3368
0.3456
0.3444
0.3576
0.3624
0.368
0.3704
0.3684
0.3644
0.3616
0.3672
0.3732
0.3808
0.376
0.3924
0.3952
0.3912
0.3928
0.4064
0.4124
0.4072
0.4172
0.4056
0.386
0.4004
0.4052
0.3908
0.3964
0.406
0.408
0.4152
0.4044
0.4092
0.4116
0.4088
0.4052
0.4108
0.4152
0.4188
0.4164
0.4132
0.4128
0.4092
0.406
0.4084
0.418
0.4236
0.4344
0.4368
0.4424
0.4384
0.438
0.4444
0.4436
0.4356
0.4312
0.4232
0.4212
0.432
0.4224
0.4304
0.422
0.4168
0.4252
0.412
0.4064
0.4068
0.4012
0.4004
0.408
0.418
0.4292
0.4324
0.4164
0.424
0.4392
0.4268
0.4252
0.4332
0.4352
0.4276
0.426
0.4272
0.4352
0.4332
0.4416
0.4448
0.4456
0.44
0.4372
0.4328
0.4392
0.4368
0.4308
0.4404
0.4476
0.444
0.4476
0.4472
0.4504
0.4448
0.4444
0.4448
0.4444
0.4556
0.4604
0.458
0.462
0.4648
0.4712
0.4676
0.4628
0.4532
0.4544
0.4404
0.4368
0.4328
0.426
0.436
0.4372
0.4404
0.4468
0.444
0.4428
0.4384
0.4328
0.4344
0.4196
0.4216
0.4136
0.414
0.4188
0.42
0.4196
0.4252
0.42
0.4016
0.402
0.4
0.398
0.3988
0.3876
0.3932
0.402
0.4008
0.4092
0.41
0.4096
0.408
0.42
0.4308
0.4276
0.4164
0.4244
0.4284
0.4216
0.424
0.436
0.4344
0.4372
0.4452
0.4448
0.4424
0.44
0.4372
0.4372
0.4352
0.434
0.4336
0.4308
0.4316
0.4092
0.408
0.4148
0.418
0.4272
0.424
0.4236
0.4224
0.4152
0.4144
0.4236
0.428
0.42
0.43
0.4344
0.4376
0.4396
0.4364
0.4384
0.4236
0.4404
0.4408
0.4328
0.4424
0.44
0.4588
0.4584
0.4508
0.4528
0.4512
0.4576
0.4672
0.4652
0.4688
0.4704
0.4588
0.47
0.4688
0.468
0.448
0.4468
0.452
0.4528
0.4512
0.4624
0.4628
0.454
0.4564
0.458
0.4512
0.4436
0.4228
0.4308
0.4284
0.4352
0.422
0.4196
0.4168
0.4152
0.4244
0.4304
0.4388
0.4348
0.4344
0.4336
0.4344
0.4208
0.4064
0.4116
0.418
0.4204
0.4296
0.44
0.4376
0.442
0.4448
0.4524
0.4388
0.4456
0.4488
0.4432
0.4316
0.4296
0.4328
0.412
0.4196
0.4332
0.4292
0.452
0.436
0.4372
0.4332
0.442
0.4268
0.4304
0.4236
0.4288
0.4208
0.436
0.4428
0.444
0.4424
0.4392
0.4316
0.432
0.4316
0.4336
0.4296
0.434
0.4352
0.4456
0.4436
0.4368
0.4332
0.4332
0.4356
0.4264
0.4268
0.4168
0.4072
0.4092
0.4108
0.4
0.4016
0.3976
0.4072
0.4076
0.4004
0.3988
0.396
0.3952
0.4056
0.3952
0.3856
0.394
0.3872
0.392
0.3952
0.3896
0.3952
0.3972
0.402
0.4096
0.414
0.4084
0.4072
0.4072
0.416
0.416
0.4148
0.42
0.4376
0.4396
0.4204
0.4164
0.418
0.4164
0.4056
0.4088
0.4044
0.4016
0.3976
0.3968
0.388
0.3804
0.3784
0.3736
0.3664
0.3772
0.382
0.3796
0.3776
0.3692
0.3692
0.368
0.3692
0.364
0.376
0.3696
0.3748
0.374
0.3752
0.3692
0.3516
0.3556
0.36
0.3424
0.3496
0.3504
0.3652
0.3648
0.3576
0.364
0.362
0.352
0.3648
0.3856
0.3824
0.3764
0.3908
0.388
0.3824
0.394
0.3764
0.3936
0.396
0.3904
0.39
0.3952
0.402
0.394
0.3924
0.3968
0.3904
0.3944
0.4016
0.4148
0.4104
0.4116
0.4204
0.4272
0.424
0.432
0.4232
0.4184
0.4176
0.4188
0.4276
0.4152
0.4064
0.4024
0.4084
0.4004
0.4116
0.394
0.3864
0.3952
0.3892
0.3836
0.388
0.394
0.3756
0.3836
0.39
0.3848
0.396
0.3996
0.4028
0.3976
0.4116
0.4028
0.4028
0.3964
0.3836
0.368
0.3556
0.364
0.3584
0.3588
0.368
0.3688
0.37
0.3748
0.376
0.3764
0.378
0.3856
0.392
0.3804
0.3856
0.3772
0.3712
0.3668
0.374
0.3632
0.3716
0.3644
0.362
0.3708
0.3736
0.3736
0.3708
0.3652
0.3596
0.3572
0.3608
0.3636
0.3616
0.3636
0.3632
0.3668
0.356
0.3444
0.3496
0.348
0.3324
0.3284
0.3212
0.3176
0.3188
0.3176
0.3128
0.3248
0.3124
0.3024
0.3052
0.302
0.31
0.3016
0.3104
0.3112
0.3132
0.3184
0.3268
0.338
0.3344
0.332
0.3324
0.3348
0.3276
0.3336
0.3404
0.3564
0.3584
0.3536
0.3452
0.3584
0.3564
0.3532
0.3404
0.3332
0.3344
0.3388
0.338
0.3256
0.3212
0.3144
0.3072
0.2988
0.2904
0.288
0.2956
0.288
0.308
0.3104
0.3112
0.3068
0.3068
0.3088
0.3088
0.3224
0.3224
0.3204
0.3292
0.34
0.3384
0.3492
0.3484
0.3588
0.3544
0.346
0.3552
0.3564
0.3596
0.3628
0.3684
0.3756
0.38
0.3848
0.3956
0.394
0.3936
0.3964
0.4024
0.404
0.4024
0.4
0.4024
0.398
0.3996
0.3924
0.3932
0.3976
0.3904
0.388
0.386
0.3776
0.3684
0.3788
0.3844
0.3928
0.3952
0.3956
0.3848
0.376
0.386
0.3816
0.3832
0.3844
0.38
0.3756
0.3768
0.3824
0.3848
0.3852
0.3804
0.3764
0.3692
0.3756
0.3692
0.358
0.36
0.37
0.368
0.3696
0.3676
0.3636
0.3712
0.3776
0.386
0.384
0.3892
0.3752
0.384
0.3924
0.3756
0.3784
0.3808
0.388
0.39
0.38
0.3956
0.4
0.4116
0.4124
0.4108
0.3988
0.4036
0.3992
0.39
0.3812
0.3772
0.3728
0.386
0.3916
0.3824
0.3792
0.3752
0.3812
0.3724
0.3752
0.378
0.3744
0.3796
0.3752
0.3604
0.3656
0.3564
0.3636
0.3588
0.3636
0.366
0.3796
0.4016
0.4012
0.402
0.412
0.414
0.4124
0.4132
0.4184
0.4192
0.4272
0.4252
0.42
0.422
0.4336
0.4396
0.4444
0.442
0.4376
0.4352
0.424
0.4168
0.4024
0.396
0.3976
0.3876
0.3892
0.3912
0.38
0.3828
0.3876
0.396
0.3972
0.4052
0.3984
0.398
0.3928
0.3948
0.3936
0.4096
0.4064
0.4068
0.408
0.4132
0.4092
0.4112
0.3968
0.4048
0.406
0.406
0.406
0.4196
0.434
0.4224
0.4196
0.4136
0.4172
0.4096
0.4108
0.4228
0.4284
0.4276
0.4132
0.4148
0.4204
0.4292
0.4444
0.4456
0.442
0.446
0.4404
0.4408
0.4544
0.4416
0.4348
0.4288
0.4256
0.4292
0.4252
0.412
0.4068
0.4188
0.4092
0.3968
0.3944
0.3976
0.3944
0.394
0.3952
0.3904
0.3864
0.38
0.3816
0.3792
0.3852
0.3804
0.3856
0.3932
0.398
0.408
0.3984
0.4048
0.4
0.4024
0.4036
0.394
0.3852
0.3916
0.3856
0.3848
0.3752
0.3792
0.3924
0.392
0.3852
0.3924
0.3924
0.398
0.4024
0.3972
0.4004
0.3936
0.3952
0.3936
0.394
0.3848
0.3884
0.3776
0.3872
0.3876
0.384
0.3964
0.3936
0.3892
0.3964
0.4032
0.3956
0.3976
0.406
0.4056
0.416
0.4324
0.4432
0.4304
0.424
0.424
0.422
0.4256
0.4188
0.4252
0.4236
0.4236
0.4148
0.4116
0.4004
0.3992
0.4044
0.4084
0.4056
0.4056
0.4036
0.3904
0.3924
0.3912
0.3928
0.3948
0.3848
0.3792
0.3856
0.3828
0.3888
0.3932
0.3936
0.3924
0.38
0.3956
0.3948
0.4
0.4036
0.414
0.4108
0.4032
0.3964
0.3964
0.3896
0.3964
0.3912
0.3856
0.3752
0.3792
0.3816
0.3708
0.3668
0.3696
0.3668
0.3616
0.3752
0.3728
0.356
0.372
0.3788
0.3772
0.3796
0.3832
0.382
0.3844
0.39
0.4048
0.4024
0.3968
0.3988
0.4004
0.406
0.4128
0.4108
0.4196
0.4196
0.4256
0.4292
0.4304
0.4152
0.4136
0.412
0.4108
0.404
0.398
0.4
0.4028
0.4044
0.408
0.4032
0.408
0.4048
0.4012
0.3896
0.3956
0.4024
0.394
0.4012
0.3876
0.3964
0.402
0.4108
0.41
0.4004
0.4104
0.4044
0.4
0.4064
0.4128
0.4088
0.4032
0.4068
0.4012
0.402
0.408
0.4232
0.4112
0.4192
0.4036
0.4068
0.3944
0.4044
0.39
0.376
0.3752
0.3772
0.3784
0.372
0.3736
0.366
0.366
0.3704
0.3632
0.3632
0.3704
0.3736
0.37
0.3664
0.3564
0.3588
0.3672
0.374
0.374
0.3796
0.3688
0.378
0.3736
0.3852
0.3792
0.386
0.3868
0.3788
0.3716
0.3696
0.374
0.3652
0.362
0.3612
0.3536
0.3556
0.3652
0.3744
0.3744
0.3776
0.374
0.372
0.3724
0.378
0.3732
0.386
0.3912
0.3816
0.382
0.3688
0.3656
0.3784
0.372
0.3744
0.378
0.38
0.3764
0.386
0.3772
0.3692
0.3656
0.3652
0.3632
0.3652
0.3628
0.3584
0.3584
0.3668
0.3696
0.3688
0.3688
0.3768
0.3756
0.3764
0.3768
0.3756
0.3624
0.3536
0.356
0.3636
0.3604
0.366
0.3648
0.3592
0.3544
0.3584
0.3552
0.3448
0.3384
0.342
0.3456
0.3396
0.3444
0.3504
0.3504
0.3512
0.3532
0.3568
0.366
0.3596
0.3672
0.3552
0.3568
0.3572
0.354
0.3656
0.3712
0.3668
0.3728
0.3684
0.3692
0.376
0.382
0.376
0.3704
0.372
0.3716
0.3756
0.3648
0.3652
0.3752
0.374
0.3608
0.3648
0.3648
0.3704
0.3592
0.358
0.354
0.3592
0.3724
0.3744
0.364
0.3696
0.3472
0.3576
0.3556
0.3508
0.3608
0.3684
0.368
0.3608
0.3668
0.3656
0.3704
0.372
0.3776
0.3728
0.3608
0.3588
0.3476
0.3552
0.3392
0.3348
0.3312
0.3312
0.3328
0.3248
0.328
0.3432
0.3392
0.3408
0.34
0.3592
0.3612
0.3528
0.348
0.3504
0.3508
0.352
0.3604
0.3628
0.3676
0.3704
0.3816
0.3732
0.3652
0.3664
0.3536
0.3544
0.3512
0.354
0.3648
0.3652
0.3668
0.3936
0.3972
0.3904
0.3904
0.386
0.3816
0.3816
0.3684
0.3604
0.3652
0.3668
0.368
0.3672
0.3816
0.3656
0.38
0.3844
0.3864
0.372
0.3736
0.368
0.3716
0.3756
0.3824
0.3872
0.376
0.39
0.3904
0.3904
0.388
0.3832
0.3872
0.3784
0.3904
0.3944
0.4028
0.4052
0.4
0.394
0.4032
0.3876
0.3956
0.3864
0.3916
0.3872
0.3932
0.3892
0.3776
0.3768
0.3808
0.3968
0.3812
0.3824
0.3944
0.372
0.3692
0.3636
0.3644
0.3576
0.3608
0.3668
0.3676
0.36
0.3576
0.3636
0.3676
0.3536
0.3656
0.3568
0.3652
0.3584
0.364
0.3604
0.344
0.356
0.3572
0.3712
0.3712
0.3724
0.3668
0.3664
0.3648
0.3704
0.3676
0.3628
0.37
0.3724
0.378
0.376
0.3596
0.3604
0.3752
0.3656
0.3732
0.3624
0.3556
0.3424
0.3412
0.3444
0.3468
0.3512
0.35
0.354
0.3564
0.3544
0.354
0.3604
0.3668
0.3632
0.3708
0.3792
0.384
0.3852
0.3972
0.3968
0.3952
0.3924
0.3956
0.3852
0.3764
0.3864
0.3968
0.394
0.3836
0.3764
0.3784
0.3796
0.3908
0.3856
0.3816
0.3852
0.3728
0.3752
0.3756
0.3504
0.3516
0.352
0.336
0.3376
0.3492
0.35
0.354
0.3652
0.3572
0.3612
0.3676
0.3684
0.372
0.3668
0.3724
0.374
0.3728
0.3708
0.3704
0.3728
0.3828
0.3884
0.3956
0.3988
0.4088
0.3984
0.3944
0.3988
0.4044
0.4048
0.4028
0.404
0.3988
0.3924
0.3856
0.3896
0.3952
0.4044
0.412
0.408
0.408
0.414
0.41
0.4112
0.416
0.422
0.4208
0.4296
0.4308
0.4244
0.4292
0.4284
0.4376
0.4196
0.4356
0.4392
0.4212
0.4096
0.4068
0.4144
0.4104
0.4172
0.4164
0.4224
0.4256
0.4152
0.4276
0.4236
0.4276
0.4332
0.438
0.4416
0.4372
0.4388
0.4436
0.4524
0.444
0.446
0.4524
0.4536
0.4448
0.4496
0.4424
0.4512
0.4648
0.4604
0.468
0.4732
0.4624
0.4572
0.444
0.4388
0.4344
0.4324
0.4372
0.4372
0.4348
0.4456
0.45
0.462
0.4624
0.4516
0.4476
0.4572
0.4512
0.45
0.4464
0.4492
0.4364
0.4332
0.4508
0.4416
0.4452
0.4464
0.438
0.44
0.4464
0.4448
0.454
0.4548
0.45
0.4468
0.4484
0.4444
0.4348
0.4324
0.424
0.4292
0.4232
0.4292
0.4384
0.4284
0.4244
0.4252
0.4124
0.42
0.416
0.43
0.4204
0.4188
0.4348
0.4296
0.4296
0.4296
0.4264
0.4304
0.4292
0.4408
0.442
0.4516
0.4476
0.456
0.4592
0.4512
0.452
0.452
0.4572
0.4592
0.4528
0.448
0.4544
0.4348
0.4464
0.444
0.4512
0.4524
0.4456
0.4552
0.4512
0.4592
0.4536
0.456
0.4568
0.4524
0.4632
0.46
0.4692
0.4752
0.4728
0.4608
0.4728
0.4656
0.466
0.46
0.4612
0.464
0.4628
0.4564
0.4544
0.4552
0.45
0.4556
0.458
0.4584
0.4616
0.4632
0.4532
0.4504
0.454
0.4632
0.4656
0.4588
0.444
0.4508
0.4452
0.4392
0.4316
0.4224
0.4108
0.4224
0.4164
0.4288
0.432
0.4436
0.4388
0.4244
0.4388
0.4404
0.4548
0.4436
0.4404
0.4312
0.4396
0.4464
0.4604
0.4576
0.4604
0.4604
0.4644
0.4684
0.4608
0.4692
0.4692
0.4612
0.462
0.4448
0.4432
0.4416
0.4424
0.4304
0.426
0.424
0.422
0.4216
0.428
0.4252
0.426
0.4232
0.4196
0.4192
0.4192
0.4184
0.4216
0.426
0.4224
0.4332
0.4416
0.4368
0.4412
0.4232
0.4152
0.4092
0.404
0.4236
0.4324
0.4396
0.442
0.4344
0.4404
0.4288
0.4496
0.4468
0.4424
0.4376
0.4228
0.4324
0.4376
0.4448
0.4368
0.4368
0.4308
0.4244
0.4208
0.426
0.4304
0.4236
0.4168
0.414
0.4144
0.4192
0.4156
0.4144
0.4076
0.4196
0.4092
0.3992
0.4088
0.4124
0.4092
0.4044
0.4144
0.406
0.4108
0.42
0.4156
0.4064
0.4
0.4108
0.4304
0.4212
0.4232
0.4244
0.428
0.4312
0.424
0.4312
0.4232
0.4284
0.4336
0.422
0.4292
0.4316
0.44
0.4268
0.4232
0.4344
0.434
0.4344
0.4208
0.42
0.4384
0.4264
0.4292
0.4264
0.4284
0.418
0.412
0.428
0.4188
0.426
0.4344
0.4312
0.4396
0.4428
0.4224
0.434
0.4172
0.4216
0.4228
0.436
0.4316
0.43
0.4276
0.4224
0.4224
0.422
0.4152
0.4268
0.43
0.4156
0.422
0.428
0.4156
0.4072
0.4076
0.4036
0.3804
0.3852
0.3916
0.396
0.3924
0.3864
0.3868
0.378
0.378
0.3812
0.3904
0.3864
0.3808
0.3764
0.3756
0.3712
0.37
0.3668
0.3816
0.3852
0.3956
0.4016
0.3988
0.3916
0.3972
0.3936
0.3964
0.4092
0.4112
0.4192
0.4316
0.4404
0.444
0.4332
0.4288
0.4224
0.4208
0.4128
0.4068
0.4152
0.406
0.4132
0.4056
0.396
0.3832
0.3956
0.3948
0.3868
0.3708
0.3748
0.3664
0.3708
0.364
0.3588
0.3636
0.3596
0.3716
0.3508
0.336
0.3416
0.3516
0.362
0.3624
0.374
0.3776
0.3772
0.3752
0.38
0.3876
0.3884
0.3888
0.37
0.3756
0.3704
0.372
0.386
0.4064
0.4124
0.4096
0.406
0.4132
0.4072
0.4096
0.412
0.4128
0.4336
0.4424
0.4212
0.4288
0.4348
0.4316
0.4196
0.4164
0.4024
0.4068
0.4088
0.4184
0.412
0.414
0.3988
0.4104
0.416
0.4184
0.4072
0.4008
0.4032
0.4056
0.4124
0.4244
0.4236
0.4208
0.4188
0.414
0.4164
0.398
0.4116
0.4164
0.4228
0.4308
0.4228
0.4264
0.4224
0.42
0.4252
0.4256
0.4236
0.424
0.416
0.4192
0.4148
0.4076
0.4024
0.4044
0.4088
0.4228
0.4232
0.4264
0.422
0.4184
0.4164
0.4128
0.422
0.4236
0.4172
0.4264
0.4272
0.4148
0.4168
0.4212
0.4076
0.4164
0.4152
0.4204
0.4208
0.4228
0.424
0.4204
0.4248
0.4356
0.4436
0.4624
0.4468
0.4524
0.4636
0.46
0.4596
0.456
0.458
0.46
0.4556
0.4572
0.4664
0.4588
0.4512
0.4552
0.4656
0.4564
0.462
0.462
0.4688
0.4708
0.4708
0.4744
0.4796
0.4632
0.4696
0.464
0.4632
0.4576
0.4568
0.4412
0.4464
0.4372
0.43
0.434
0.43
0.4348
0.4452
0.4284
0.44
0.436
0.4392
0.434
0.4188
0.4076
0.4156
0.3968
0.408
0.3972
0.384
0.3804
0.3808
0.3988
0.398
0.4108
0.418
0.4068
0.4128
0.4132
0.418
0.4204
0.4176
0.4128
0.412
0.4144
0.4172
0.4128
0.4104
0.4108
0.4112
0.4108
0.4004
0.3996
0.3968
0.3908
0.392
0.3944
0.3968
0.3996
0.392
0.3844
0.388
0.39
0.408
0.4092
0.4252
0.4432
0.444
0.44
0.4544
0.4532
0.4552
0.4616
0.4592
0.4444
0.436
0.4292
0.4416
0.4316
0.4316
0.4164
0.4204
0.4276
0.4264
0.4296
0.4184
0.4192
0.4184
0.4208
0.414
0.4204
0.4196
0.402
0.4116
0.4168
0.42
0.4056
0.408
0.4136
0.4112
0.4088
0.4112
0.426
0.4272
0.4244
0.4196
0.4188
0.4152
0.4228
0.4196
0.4284
0.4372
0.4404
0.4296
0.4268
0.4148
0.4276
0.4244
0.4136
0.4232
0.4064
0.4108
0.4132
0.41
0.4184
0.4252
0.4248
0.4204
0.4108
0.4124
0.41
0.4032
0.4148
0.4232
0.4116
0.4052
0.4048
0.402
0.3916
0.3972
0.402
0.3924
0.3952
0.39
0.4108
0.4056
0.4144
0.4104
0.4116
0.4056
0.42
0.4056
0.4008
0.4128
0.416
0.4212
0.4016
0.4056
0.404
0.4024
0.3892
0.3916
0.3864
0.4016
0.3944
0.392
0.3904
0.388
0.392
0.3928
0.404
0.402
0.4192
0.4028
0.4052
0.3916
0.3944
0.3904
0.394
0.3812
0.3792
0.3872
0.3964
0.4032
0.4012
0.4048
0.4068
0.4148
0.4124
0.4088
0.4096
0.3952
0.3848
0.3928
0.3908
0.3904
0.4012
0.4076
0.4024
0.4024
0.3916
0.3944
0.3908
0.386
0.382
0.384
0.3752
0.3728
0.3608
0.3564
0.35
0.3488
0.3576
0.364
0.3564
0.3552
0.3644
0.3512
0.3656
0.3552
0.3572
0.3644
0.3652
0.3756
0.3704
0.3816
0.3952
0.4032
0.4052
0.3996
0.3932
0.396
0.398
0.3996
0.4084
0.406
0.4032
0.4004
0.3964
0.3988
0.41
0.4128
0.4228
0.418
0.4128
0.4136
0.4144
0.4256
0.422
0.4296
0.4304
0.4392
0.4404
0.45
0.4428
0.4464
0.4412
0.4412
0.4148
0.3996
0.408
0.4052
0.4116
0.4156
0.4124
0.414
0.4068
0.3972
0.3976
0.3936
0.3872
0.3888
0.3984
0.406
0.4092
0.4172
0.4292
0.4332
0.4292
0.4336
0.4256
0.4288
0.4172
0.4212
0.418
0.4292
0.4228
0.4212
0.4224
0.434
0.4416
0.4388
0.4388
0.442
0.4484
0.4452
0.4468
0.4396
0.4344
0.4392
0.4388
0.416
0.4296
0.4308
0.4332
0.4236
0.446
0.4488
0.4472
0.4436
0.4384
0.434
0.43
0.428
0.4252
0.424
0.4292
0.4308
0.4312
0.4308
0.4464
0.4424
0.4408
0.4188
0.4096
0.4172
0.4268
0.4236
0.4204
0.4144
0.4076
0.4164
0.418
0.4236
0.4216
0.4268
0.426
0.4184
0.4308
0.4288
0.4248
0.4124
0.416
0.4096
0.4108
0.4148
0.4156
0.4072
0.412
0.408
0.424
0.4308
0.4244
0.4232
0.4268
0.436
0.432
0.4436
0.4524
0.45
0.4544
0.4508
0.4616
0.4624
0.4436
0.4392
0.4372
0.4492
0.4468
0.4504
0.4504
0.4552
0.4704
0.4648
0.4452
0.4576
0.4668
0.4544
0.4512
0.4388
0.4344
0.4324
0.4156
0.4188
0.4152
0.4276
0.4192
0.424
0.41
0.4104
0.4112
0.4104
0.41
0.4116
0.3996
0.3988
0.3832
0.3924
0.3884
0.3944
0.3804
0.3844
0.3784
0.3896
0.394
0.39
0.3912
0.3992
0.4004
0.3932
0.398
0.4052
0.408
0.4196
0.4172
0.4144
0.4024
0.4072
0.404
0.412
0.4092
0.416
0.4112
0.3964
0.396
0.396
0.4056
0.392
0.3972
0.3908
0.3816
0.3932
0.3736
0.3812
0.384
0.3728
0.382
0.374
0.3836
0.378
0.3716
0.3936
0.4024
0.4104
0.418
0.4112
0.4072
0.4168
0.398
0.4028
0.4108
0.4268
0.4224
0.4268
0.4188
0.4212
0.43
0.4264
0.4284
0.4328
0.4284
0.4264
0.426
0.4404
0.4324
0.4308
0.426
0.4176
0.4052
0.4116
0.41
0.4104
0.3956
0.3964
0.396
0.3768
0.374
0.3656
0.3764
0.3736
0.3704
0.3696
0.3588
0.3588
0.376
0.3824
0.3856
0.3844
0.3836
0.386
0.3876
0.4
0.404
0.3956
0.3908
0.3868
0.3892
0.3804
0.3812
0.386
0.4
0.4124
0.42
0.4256
0.432
0.436
0.4332
0.4268
0.4284
0.43
0.4188
0.4304
0.4132
0.43
0.43
0.4296
0.434
0.4404
0.4412
0.4416
0.4324
0.4276
0.4328
0.426
0.4256
0.4216
0.416
0.4116
0.4128
0.408
0.4068
0.3992
0.4
0.4036
0.4124
0.4024
0.3952
0.3952
0.3952
0.3952
0.41
0.412
0.41
0.4108
0.4096
0.4052
0.4052
0.4048
0.4004
0.4108
0.4028
0.408
0.4124
0.4016
0.4036
0.4056
0.3988
0.3968
0.3872
0.3832
0.3884
0.3868
0.386
0.3964
0.3948
0.3852
0.3916
0.3896
0.3936
0.3936
0.3884
0.3748
0.3676
0.362
0.3612
0.3472
0.3512
0.3532
0.3648
0.3604
0.3568
0.364
0.3736
0.3768
0.372
0.3612
0.3684
0.368
0.3652
0.3724
0.3856
0.3972
0.4008
0.4012
0.3964
0.394
0.4024
0.4024
0.4012
0.3992
0.4036
0.3964
0.4088
0.4156
0.4148
0.4132
0.402
0.4012
0.3944
0.4012
0.3928
0.3952
0.3824
0.3632
0.3696
0.3684
0.3708
0.3704
0.3596
0.3632
0.3496
0.342
0.3528
0.3504
0.342
0.34
0.3396
0.3484
0.3548
0.356
0.338
0.3356
0.34
0.3368
0.3436
0.3288
0.328
0.3308
0.336
0.3412
0.336
0.3404
0.3396
0.3348
0.3452
0.3464
0.3552
0.3596
0.3648
0.3564
0.3588
0.376
0.3844
0.3928
0.396
0.396
0.4048
0.3976
0.4036
0.4008
0.4068
0.3964
0.4068
0.406
0.4004
0.4088
0.4184
0.4104
0.408
0.4108
0.4044
0.3912
0.3972
0.3952
0.3992
0.3912
0.3904
0.3944
0.398
0.394
0.3808
0.3796
0.3788
0.3828
0.3676
0.3668
0.3676
0.3716
0.3908
0.3892
0.3936
0.3972
0.3992
0.404
0.406
0.3888
0.3964
0.3996
0.41
0.4084
0.4132
0.4088
0.4024
0.4108
0.414
0.4076
0.4004
0.3944
0.4044
0.4124
0.4192
0.414
0.412
0.4124
0.414
0.4
0.3956
0.3868
0.3852
0.3916
0.3968
0.3912
0.384
0.3924
0.388
0.3784
0.378
0.3724
0.3752
0.364
0.3636
0.3628
0.3612
0.3676
0.368
0.364
0.3768
0.37
0.37
0.3704
0.3736
0.3624
0.3628
0.3536
0.358
0.3624
0.3528
0.3512
0.3664
0.3668
0.3636
0.356
0.3616
0.36
0.3636
0.366
0.3576
0.3544
0.3556
0.364
0.3672
0.3704
0.3772
0.3716
0.372
0.3636
0.3612
0.36
0.3548
0.3652
0.3556
0.3448
0.3556
0.3512
0.3504
0.35
0.3584
0.3536
0.3484
0.3548
0.3616
0.3496
0.3488
0.36
0.3596
0.3612
0.3512
0.3536
0.3536
0.3468
0.358
0.356
0.3644
0.362
0.3568
0.3636
0.3624
0.3704
0.378
0.368
0.3676
0.3732
0.3628
0.36
0.3672
0.3744
0.3804
0.3644
0.364
0.3664
0.362
0.3688
0.3652
0.3656
0.364
0.36
0.3468
0.362
0.368
0.362
0.3508
0.3524
0.352
0.3472
0.3484
0.3476
0.36
0.356
0.3808
0.3916
0.396
0.394
0.3892
0.3948
0.396
0.4004
0.4056
0.4072
0.4068
0.4012
0.4064
0.414
0.42
0.4276
0.432
0.4312
0.4364
0.4332
0.43
0.4288
0.4312
0.438
0.4388
0.4336
0.4316
0.4192
0.4188
0.4252
0.4184
0.4152
0.4108
0.3964
0.3912
0.3908
0.3944
0.3948
0.4076
0.4096
0.4184
0.4172
0.4168
0.4088
0.4016
0.4
0.4
0.4172
0.408
0.4156
0.4224
0.4224
0.424
0.4336
0.4324
0.4364
0.4316
0.4272
0.4348
0.4404
0.4576
0.4644
0.4584
0.4608
0.4632
0.4672
0.4564
0.458
0.4464
0.4552
0.4516
0.4484
0.4432
0.4496
0.4412
0.4456
0.4368
0.4372
0.436
0.4368
0.4232
0.4372
0.4328
0.432
0.4388
0.4404
0.4428
0.4344
0.4432
0.446
0.4472
0.4308
0.4372
0.4404
0.4292
0.4312
0.4304
0.4272
0.4268
0.438
0.422
0.4044
0.4048
0.394
0.3884
0.3844
0.392
0.396
0.3928
0.3952
0.3768
0.3752
0.3732
0.3668
0.3832
0.384
0.3772
0.3812
0.3768
0.3744
0.3808
0.384
0.3788
0.3724
0.3768
0.3856
0.3904
0.3848
0.3832
0.3864
0.3852
0.3916
0.3948
0.3948
0.4008
0.4012
0.3992
0.4064
0.3988
0.4032
0.4072
0.3984
0.3952
0.392
0.3984
0.3992
0.392
0.3936
0.3992
0.4068
0.4084
0.416
0.4212
0.428
0.4236
0.4316
0.4436
0.4408
0.4296
0.4228
0.4264
0.418
0.4348
0.4248
0.4264
0.422
0.4324
0.4336
0.4532
0.4544
0.4496
0.4448
0.4332
0.4216
0.4172
0.4084
0.4032
0.3988
0.3908
0.3964
0.394
0.3968
0.414
0.4184
0.4252
0.424
0.424
0.4188
0.4152
0.42
0.4292
0.4344
0.4312
0.436
0.4332
0.4256
0.4256
0.4292
0.4304
0.408
0.4096
0.416
0.4108
0.4104
0.4208
0.4152
0.408
0.4032
0.402
0.3904
0.3912
0.3876
0.3856
0.386
0.3916
0.4016
0.4012
0.4072
0.412
0.4092
0.4112
0.4156
0.4092
0.432
0.4336
0.4276
0.4364
0.436
0.4404
0.424
0.412
0.4244
0.4224
0.4284
0.4316
0.4444
0.4396
0.442
0.4444
0.4412
0.428
0.4288
0.4184
0.41
0.4108
0.4152
0.4104
0.404
0.4064
0.408
0.4116
0.4128
0.4136
0.4068
0.4116
0.4124
0.4076
0.402
0.4124
0.408
0.4028
0.402
0.4152
0.4092
0.422
0.4124
0.4232
0.4348
0.4232
0.4192
0.4152
0.4148
0.424
0.4212
0.422
0.4308
0.4412
0.4412
0.44
0.4324
0.4328
0.434
0.4272
0.412
0.4112
0.424
0.4224
0.4104
0.4116
0.4032
0.4028
0.404
0.406
0.4036
0.4
0.4144
0.4232
0.4152
0.4252
0.4224
0.4264
0.4236
0.4116
0.4308
0.4128
0.4132
0.4064
0.4116
0.4096
0.4088
0.4136
0.4128
0.4048
0.4052
0.4108
0.4116
0.4156
0.41
0.4124
0.4148
0.4024
0.3956
0.3856
0.3964
0.4028
0.4096
0.4104
0.4068
0.3928
0.4008
0.4048
0.4116
0.4184
0.414
0.4212
0.4132
0.4232
0.4272
0.4144
0.4204
0.4204
0.422
0.4224
0.4264
0.4264
0.4328
0.4276
0.426
0.4424
0.4428
0.4428
0.4488
0.4468
0.4492
0.4492
0.4496
0.4452
0.4548
0.4468
0.424
0.4264
0.4196
0.4248
0.426
0.428
0.4448
0.4284
0.4268
0.4368
0.4484
0.4436
0.4388
0.4332
0.4304
0.428
0.4336
0.432
0.4336
0.4316
0.42
0.4232
0.4208
0.4144
0.4048
0.4088
0.4008
0.3964
0.398
0.4152
0.4348
0.4148
0.4056
0.4104
0.3984
0.392
0.3952
0.3948
0.3976
0.4028
0.3896
0.3912
0.3884
0.3892
0.3996
0.4096
0.4056
0.3996
0.382
0.394
0.4016
0.4008
0.3988
0.4024
0.4124
0.4184
0.4148
0.4116
0.4088
0.4116
0.4152
0.4148
0.4156
0.4108
0.4032
0.4
0.3984
0.4044
0.4248
0.4192
0.424
0.4188
0.4156
0.4148
0.4156
0.4152
0.4228
0.4228
0.432
0.4368
0.436
0.4356
0.4472
0.448
0.4524
0.4516
0.4664
0.4504
0.4516
0.454
0.4504
0.4408
0.4336
0.4352
0.4448
0.446
0.4444
0.4524
0.452
0.444
0.4372
0.4432
0.4552
0.4492
0.46
0.4736
0.4752
0.4644
0.47
0.4708
0.4784
0.4768
0.4728
0.4848
0.4812
0.4776
0.482
0.4776
0.4756
0.4732
0.4816
0.4828
0.4764
0.48
0.4768
0.4884
0.4764
0.4624
0.4648
0.4696
0.4608
0.4616
0.4684
0.4636
0.4604
0.4548
0.4608
0.4552
0.4568
0.4516
0.4428
0.4488
0.4352
0.4196
0.4172
0.4144
0.4176
0.4116
0.3972
0.3956
0.398
0.4036
0.4096
0.4084
0.394
0.39
0.392
0.404
0.402
0.4016
0.3956
0.388
0.3804
0.3744
0.3668
0.3712
0.3696
0.3752
0.3696
0.3732
0.3912
0.3908
0.3908
0.3952
0.4052
0.3936
0.3828
0.378
0.3604
0.3756
0.3792
0.364
0.3692
0.3764
0.3828
0.3816
0.3716
0.3796
0.3724
0.3736
0.3656
0.36
0.3688
0.3772
0.3832
0.3648
0.36
0.3576
0.3632
0.3936
0.4008
0.406
0.4056
0.402
0.3996
0.3952
0.3956
0.3828
0.3708
0.3832
0.3808
0.3856
0.394
0.4004
0.4004
0.3948
0.3796
0.3884
0.394
0.3872
0.3908
0.3852
0.374
0.388
0.3908
0.39
0.3912
0.3932
0.3964
0.3916
0.3864
0.3784
0.3872
0.3984
0.4008
0.406
0.4104
0.4108
0.4112
0.4008
0.4
0.4056
0.3944
0.3848
0.3912
0.3904
0.3812
0.378
0.3772
0.3752
0.376
0.3736
0.3824
0.388
0.3844
0.3972
0.392
0.3936
0.3948
0.402
0.4
0.4152
0.402
0.3944
0.4028
0.4156
0.4208
0.4316
0.434
0.4316
0.4276
0.4296
0.4316
0.4324
0.4368
0.4372
0.4324
0.4384
0.4292
0.4344
0.4436
0.448
0.4492
0.4476
0.448
0.436
0.4364
0.4332
0.434
0.4448
0.434
0.426
0.426
0.422
0.4228
0.4288
0.4296
0.4272
0.4192
0.4112
0.4056
0.402
0.4092
0.4016
0.3972
0.392
0.3828
0.3968
0.3896
0.3988
0.3968
0.3936
0.4092
0.4
0.4092
0.4128
0.424
0.4228
0.4232
0.428
0.4236
0.4244
0.4184
0.4308
0.4304
0.4332
0.4244
0.418
0.4296
0.4196
0.4184
0.408
0.4108
0.408
0.4148
0.3976
0.3888
0.3888
0.3932
0.376
0.3692
0.382
0.366
0.38
0.3876
0.3952
0.3816
0.386
0.3948
0.4032
0.4
0.402
0.4088
0.4048
0.408
0.4028
0.3968
0.3884
0.388
0.406
0.398
0.3884
0.3956
0.4
0.406
0.398
0.394
0.3904
0.3816
0.3896
0.3844
0.3812
0.3772
0.3884
0.3828
0.3856
0.3848
0.3956
0.3944
0.3908
0.3852
0.3752
0.3732
0.3788
0.3816
0.3764
0.3832
0.3844
0.3868
0.3952
0.4088
0.4156
0.4116
0.4092
0.3944
0.3952
0.3968
0.3988
0.398
0.4028
0.4048
0.4064
0.4096
0.4216
0.422
0.4276
0.434
0.42
0.4132
0.414
0.4136
0.4188
0.4272
0.4316
0.4204
0.416
0.4152
0.4092
0.4052
0.4048
0.4008
0.394
0.39
0.3964
0.3912
0.3912
0.3944
0.388
0.3756
0.3712
0.3856
0.3768
0.382
0.3828
0.3776
0.3928
0.402
0.4036
0.3976
0.4144
0.4056
0.4164
0.4116
0.42
0.4044
0.4116
0.4136
0.418
0.406
0.396
0.4064
0.4204
0.406
0.3944
0.3812
0.374
0.376
0.3904
0.382
0.3768
0.3804
0.3684
0.36
0.3656
0.3604
0.352
0.34
0.344
0.3412
0.3628
0.3684
0.3812
0.3828
0.4004
0.3996
0.398
0.3892
0.394
0.3976
0.396
0.392
0.4024
0.4092
0.3972
0.3932
0.3968
0.396
0.4072
0.412
0.4136
0.4136
0.4088
0.4112
0.408
0.412
0.406
0.3984
0.3988
0.402
0.394
0.3956
0.3928
0.3968
0.3952
0.3956
0.4092
0.3984
0.3944
0.3952
0.4008
0.412
0.4044
0.3996
0.3896
0.372
0.3708
0.3696
0.3752
0.3724
0.3656
0.3584
0.3524
0.342
0.336
0.336
0.3336
0.3456
0.3532
0.3536
0.3508
0.3508
0.3652
0.362
0.3736
0.3676
0.3644
0.3672
0.3712
0.3648
0.362
0.37
0.366
0.3772
0.3696
0.3628
0.3656
0.3572
0.3588
0.36
0.3656
0.3736
0.3816
0.3864
0.398
0.3896
0.3908
0.3924
0.3936
0.4036
0.402
0.3944
0.3896
0.38
0.378
0.3852
0.3944
0.3956
0.3924
0.3968
0.3828
0.396
0.39
0.4016
0.3988
0.4016
0.4004
0.3956
0.3988
0.3992
0.3968
0.3996
0.4144
0.4088
0.402
0.4004
0.3932
0.3916
0.3884
0.3988
0.4056
0.3956
0.3948
0.3912
0.3956
0.3932
0.3972
0.41
0.4216
0.4204
0.4276
0.42
0.4228
0.4248
0.42
0.4168
0.42
0.4048
0.4088
0.3912
0.3956
0.3992
0.4096
0.3892
0.3912
0.4044
0.4108
0.4148
0.4252
0.4176
0.406
0.4156
0.4144
0.416
0.4176
0.4068
0.4084
0.4092
0.4084
0.4088
0.4228
0.416
0.4256
0.4328
0.422
0.4304
0.4284
0.4356
0.4256
0.4252
0.4192
0.4152
0.4192
0.4216
0.4176
0.4104
0.4088
0.4212
0.4224
0.4208
0.408
0.4108
0.4168
0.412
0.422
0.4324
0.432
0.4304
0.4188
0.4184
0.4056
0.4032
0.3932
0.3904
0.3916
0.3832
0.394
0.3996
0.3948
0.3996
0.394
0.3952
0.3884
0.3952
0.384
0.3852
0.378
0.3876
0.3808
0.3876
0.3876
0.3832
0.3848
0.3972
0.408
0.4048
0.4172
0.4296
0.4284
0.4116
0.4116
0.4136
0.4016
0.404
0.4152
0.4168
0.414
0.4056
0.4036
0.398
0.3956
0.4036
0.422
0.4168
0.4148
0.4196
0.4208
0.4204
0.42
0.4228
0.4332
0.4348
0.4316
0.4312
0.438
0.4292
0.4228
0.41
0.414
0.4232
0.4196
0.4252
0.418
0.3996
0.3924
0.3916
0.3832
0.3772
0.372
0.378
0.3792
0.3748
0.3704
0.3808
0.3808
0.3856
0.3952
0.4032
0.3944
0.4008
0.4124
0.4204
0.4028
0.4044
0.404
0.3988
0.3968
0.398
0.3944
0.3912
0.3924
0.3684
0.3704
0.374
0.368
0.3632
0.3716
0.37
0.3696
0.374
0.3744
0.3776
0.388
0.386
0.3964
0.3976
0.3908
0.378
0.372
0.3756
0.3804
0.3772
0.3816
0.3828
0.3824
0.374
0.374
0.3644
0.366
0.358
0.3664
0.3648
0.368
0.378
0.3832
0.3816
0.3896
0.3996
0.4044
0.4204
0.4164
0.4184
0.4208
0.4288
0.4284
0.4192
0.4328
0.4264
0.416
0.4108
0.4128
0.3944
0.3892
0.3892
0.3792
0.3808
0.3736
0.382
0.3756
0.3772
0.3884
0.3848
0.3872
0.3952
0.4024
0.4016
0.4076
0.4104
0.4236
0.41
0.4232
0.4176
0.4184
0.42
0.4272
0.4296
0.436
0.4388
0.4484
0.4536
0.4508
0.4448
0.4496
0.4392
0.4464
0.4464
0.4292
0.4308
0.428
0.414
0.4024
0.4064
0.4096
0.3964
0.4
0.4016
0.4076
0.4096
0.4096
0.4084
0.4104
0.4152
0.4188
0.4096
0.4052
0.3996
0.392
0.3828
0.39
0.3916
0.4096
0.408
0.3944
0.3912
0.3948
0.4016
0.3996
0.412
0.4132
0.4004
0.3952
0.3892
0.4
0.4112
0.4012
0.4016
0.394
0.394
0.398
0.3984
0.4104
0.4104
0.4188
0.4228
0.4104
0.4256
0.422
0.4184
0.4184
0.4296
0.426
0.4292
0.4456
0.448
0.4376
0.4448
0.448
0.4504
0.4492
0.454
0.462
0.4524
0.45
0.4596
0.4556
0.4556
0.4584
0.47
0.4704
0.4744
0.4748
0.4816
0.474
0.4788
0.4888
0.4892
0.4904
0.4936
0.4728
0.4724
0.4672
0.4632
0.4536
0.4348
0.4268
0.434
0.4276
0.4244
0.4212
0.4196
0.4124
0.4092
0.4136
0.4156
0.4196
0.4052
0.4016
0.3984
0.3992
0.3956
0.4064
0.3932
0.4032
0.4128
0.4068
0.4084
0.4108
0.4116
0.42
0.4172
0.4216
0.4288
0.4188
0.4152
0.412
0.426
0.436
0.4396
0.4352
0.43
0.426
0.442
0.424
0.436
0.446
0.4516
0.454
0.4444
0.4516
0.4568
0.452
0.4568
0.4556
0.4576
0.4456
0.4568
0.4652
0.4544
0.45
0.4576
0.4532
0.4616
0.4532
0.448
0.4488
0.4612
0.456
0.4644
0.4708
0.4844
0.4816
0.4732
0.4736
0.466
0.4588
0.468
0.4612
0.4644
0.4604
0.4408
0.452
0.442
0.4424
0.4304
0.4272
0.4224
0.4104
0.4124
0.4176
0.422
0.4208
0.43
0.4208
0.4212
0.4316
0.4164
0.4216
0.4272
0.4192
0.42
0.4268
0.4148
0.4132
0.416
0.4088
0.4084
0.4016
0.4048
0.4152
0.4068
0.3928
0.3944
0.3988
0.406
0.416
0.4128
0.4112
0.4064
0.402
0.402
0.3964
0.3916
0.3908
0.3844
0.3704
0.3704
0.378
0.384
0.378
0.384
0.3932
0.3988
0.392
0.3908
0.4056
0.3968
0.4056
0.404
0.4004
0.3956
0.4108
0.4048
0.4092
0.4136
0.4132
0.4124
0.4
0.3984
0.3928
0.4012
0.3928
0.3932
0.39
0.3912
0.3788
0.3768
0.3796
0.3784
0.3712
0.3812
0.3752
0.3748
0.3656
0.3628
0.37
0.3748
0.388
0.3928
0.3876
0.4004
0.388
0.3764
0.3624
0.3664
0.3648
0.3568
0.3624
0.3748
0.372
0.3648
0.3636
0.3656
0.3648
0.364
0.3648
0.36
0.348
0.3448
0.3428
0.3452
0.328
0.3372
0.3412
0.3424
0.3536
0.356
0.3528
0.3488
0.3452
0.3516
0.358
0.3708
0.3808
0.3688
0.3676
0.37
0.3704
0.3716
0.3744
0.3824
0.3948
0.392
0.394
0.3968
0.3988
0.3972
0.3972
0.3936
0.3948
0.3772
0.3664
0.3648
0.3652
0.362
0.3684
0.3736
0.3752
0.3964
0.3984
0.4068
0.4052
0.418
0.4164
0.406
0.412
0.404
0.4324
0.4344
0.4324
0.432
0.4304
0.4232
0.4244
0.4116
0.4068
0.4096
0.41
0.4056
0.4028
0.3984
0.402
0.3908
0.3892
0.392
0.3824
0.3872
0.3876
0.37
0.3756
0.3812
0.3772
0.3812
0.3844
0.376
0.3828
0.3864
0.3784
0.382
0.3832
0.3844
0.3804
0.3832
0.3864
0.3888
0.3816
0.3772
0.3728
0.3704
0.3756
0.374
0.3668
0.3708
0.3744
0.3832
0.3684
0.3812
0.3776
0.3732
0.3776
0.386
0.3776
0.3792
0.388
0.3984
0.39
0.3804
0.3796
0.3864
0.3784
0.374
0.3684
0.3772
0.3764
0.3708
0.3704
0.3732
0.374
0.3684
0.3808
0.3756
0.3764
0.3708
0.3704
0.3796
0.376
0.3848
0.3828
0.3828
0.3884
0.378
0.3648
0.37
0.3708
0.3752
0.3684
0.3736
0.3692
0.3736
0.3664
0.3684
0.3772
0.3624
0.3628
0.3688
0.374
0.3628
0.3656
0.3712
0.36
0.3644
0.3708
0.3628
0.3452
0.354
0.3432
0.3336
0.3328
0.3464
0.338
0.3296
0.3312
0.3496
0.3488
0.3496
0.3552
0.3616
0.3564
0.3532
0.3544
0.3576
0.3632
0.364
0.3604
0.3628
0.372
0.3672
0.364
0.372
0.376
0.3824
0.3992
0.4024
0.4012
0.4084
0.4244
0.42
0.4108
0.4068
0.4008
0.4124
0.4028
0.4044
0.4084
0.4084
0.4044
0.4116
0.4144
0.4188
0.4212
0.4276
0.4324
0.436
0.4336
0.4188
0.4136
0.412
0.4124
0.412
0.4068
0.3992
0.406
0.402
0.4056
0.4012
0.406
0.3984
0.3972
0.398
0.4048
0.4112
0.4124
0.4028
0.4128
0.3868
0.4004
0.392
0.3808
0.3716
0.3788
0.378
0.3676
0.3688
0.3756
0.376
0.3812
0.3816
0.382
0.368
0.3636
0.3704
0.3648
0.3656
0.378
0.3836
0.3808
0.3864
0.4064
0.4084
0.4156
0.4056
0.4032
0.3964
0.3984
0.4076
0.4144
0.4116
0.3984
0.398
0.3908
0.3988
0.392
0.3912
0.3868
0.3944
0.3844
0.386
0.3916
0.3888
0.376
0.3772
0.3664
0.3712
0.3632
0.3592
0.3708
0.3724
0.3808
0.3816
0.3896
0.3872
0.3808
0.386
0.382
0.3852
0.3816
0.3804
0.3728
0.3856
0.384
0.3912
0.3896
0.3836
0.3728
0.3732
0.3744
0.3748
0.3884
0.3932
0.3896
0.3796
0.3684
0.3748
0.3804
0.3844
0.39
0.3968
0.3856
0.3876
0.3788
0.3752
0.378
0.3828
0.3728
0.374
0.3704
0.3692
0.3792
0.3824
0.3796
0.3912
0.3984
0.4024
0.3844
0.3892
0.3892
0.38
0.4004
0.3908
0.3896
0.3916
0.4028
0.402
0.3964
0.394
0.3864
0.3776
0.3708
0.378
0.376
0.368
0.3772
0.372
0.3948
0.3888
0.3844
0.3872
0.3896
0.3692
0.3732
0.3696
0.3656
0.3632
0.3628
0.3636
0.3672
0.3612
0.3584
0.3476
0.3416
0.3492
0.3456
0.3316
0.344
0.3424
0.3308
0.3236
0.3288
0.3232
0.3204
0.3152
0.3144
0.3116
0.3084
0.3304
0.3276
0.3284
0.3232
0.3304
0.3396
0.3344
0.336
0.3304
0.3384
0.34
0.344
0.3412
0.3512
0.3528
0.3592
0.3516
0.3536
0.3496
0.3508
0.3508
0.3456
0.3408
0.3536
0.3724
0.38
0.3828
0.3744
0.3664
0.3724
0.3736
0.3752
0.384
0.3748
0.3764
0.3716
0.356
0.38
0.386
0.3872
0.396
0.39
0.3888
0.3916
0.398
0.3964
0.398
0.392
0.3936
0.3868
0.3792
0.378
0.376
0.372
0.3728
0.3852
0.3744
0.3864
0.3864
0.3668
0.3712
0.3704
0.3736
0.3692
0.378
0.3832
0.3732
0.3812
0.3656
0.3624
0.3568
0.3596
0.366
0.3636
0.3692
0.3736
0.3708
0.3624
0.3564
0.3508
0.3412
0.3404
0.346
0.3452
0.352
0.36
0.3584
0.3592
0.3504
0.3496
0.3548
0.346
0.338
0.3504
0.348
0.3532
0.3512
0.356
0.3652
0.37
0.384
0.3792
0.3808
0.3816
0.3776
0.3836
0.3904
0.3976
0.3956
0.3892
0.396
0.4048
0.4036
0.3988
0.4004
0.3984
0.4092
0.4084
0.416
0.4172
0.4068
0.3976
0.4116
0.4072
0.41
0.4208
0.4224
0.4296
0.432
0.4176
0.4244
0.4244
0.4176
0.4184
0.418
0.3896
0.3904
0.3976
0.3988
0.4044
0.4032
0.408
0.4076
0.4052
0.408
0.41
0.418
0.3964
0.41
0.41
0.404
0.4052
0.4024
0.4124
0.4168
0.4088
0.4132
0.4004
0.404
0.4052
0.4164
0.4204
0.4212
0.4316
0.4444
0.4504
0.4472
0.4516
0.4568
0.4452
0.448
0.4468
0.4476
0.44
0.4304
0.4472
0.4492
0.4564
0.4512
0.4352
0.4428
0.4424
0.42
0.4252
0.428
0.4116
0.4132
0.4124
0.414
0.4096
0.404
0.4072
0.408
0.412
0.428
0.4208
0.4232
0.4252
0.4328
0.4284
0.4208
0.4268
0.4432
0.436
0.4244
0.4292
0.4296
0.428
0.4272
0.4204
0.4184
0.4228
0.4316
0.4248
0.4324
0.4288
0.424
0.426
0.4148
0.4248
0.4256
0.4276
0.4328
0.454
0.4516
0.444
0.438
0.456
0.4636
0.4616
0.4624
0.462
0.4468
0.4604
0.4612
0.4524
0.45
0.4524
0.4344
0.4308
0.442
0.4368
0.4372
0.4392
0.4392
0.4292
0.4244
0.422
0.4228
0.4136
0.406
0.3956
0.394
0.3828
0.3836
0.3752
0.3836
0.3736
0.3732
0.3692
0.3748
0.3824
0.3728
0.366
0.3716
0.3736
0.3784
0.382
0.3844
0.3776
0.3676
0.3752
0.3716
0.3772
0.386
0.384
0.3972
0.3996
0.4044
0.4124
0.4148
0.4132
0.4024
0.3992
0.396
0.4008
0.4116
0.4188
0.414
0.412
0.4372
0.4284
0.4296
0.4356
0.4284
0.42
0.4136
0.4112
0.4128
0.4048
0.4216
0.42
0.4184
0.414
0.412
0.4164
0.4088
0.4108
0.3932
0.4028
0.4032
0.4048
0.4004
0.402
0.4004
0.3972
0.386
0.3804
0.3844
0.382
0.3752
0.3728
0.3644
0.352
0.3576
0.3516
0.3488
0.348
0.3512
0.3596
0.3708
0.3572
0.3588
0.3608
0.3504
0.3496
0.3436
0.3416
0.3428
0.3544
0.3496
0.348
0.3512
0.3568
0.366
0.3568
0.3608
0.354
0.3712
0.3632
0.3672
0.3556
0.3592
0.3532
0.3636
0.3712
0.3668
0.368
0.3692
0.3708
0.3756
0.3784
0.3716
0.3656
0.366
0.374
0.378
0.3784
0.3764
0.374
0.3784
0.3836
0.38
0.3828
0.39
0.3888
0.4068
0.4064
0.4196
0.4396
0.4244
0.4268
0.418
0.4148
0.4216
0.4236
0.4128
0.4088
0.41
0.4112
0.4216
0.4268
0.4228
0.4192
0.4132
0.4012
0.3968
0.4056
0.3944
0.3908
0.4036
0.4
0.4088
0.4156
0.4204
0.4272
0.43
0.4328
0.4336
0.4312
0.4156
0.4196
0.412
0.4068
0.4024
0.3896
0.3796
0.3748
0.3792
0.3848
0.3756
0.3756
0.3848
0.3812
0.3788
0.374
0.3752
0.3848
0.3776
0.3784
0.3804
0.386
