//ER图数据集100个节点
100	515
1	10
1	37
1	50
1	53
1	57
1	60
1	61
1	67
2	7
2	15
2	29
2	31
2	39
2	52
2	58
2	77
2	83
3	34
3	50
3	58
3	92
3	96
3	97
3	98
4	10
4	32
4	36
4	51
4	66
5	36
5	37
5	95
5	97
5	98
6	31
6	33
6	47
6	53
6	69
6	93
6	97
7	39
7	43
7	56
7	63
7	82
7	100
8	22
8	27
8	28
8	33
8	39
8	41
8	51
8	52
8	65
8	84
9	21
9	28
9	35
9	47
9	55
9	67
9	79
9	92
10	63
10	82
10	84
10	85
10	88
11	15
11	33
11	51
11	54
11	70
11	74
11	76
11	86
11	92
11	97
11	98
12	15
12	22
12	27
12	29
12	34
12	36
12	41
12	43
12	45
12	47
12	49
12	64
12	71
12	73
12	82
12	94
13	28
13	34
13	39
13	43
13	44
13	59
13	68
13	79
13	84
13	86
13	90
14	24
14	75
14	81
14	84
15	25
15	50
15	92
15	96
16	23
16	33
16	48
16	55
16	58
16	59
16	65
16	66
16	92
17	22
17	39
17	61
17	66
17	73
17	77
17	91
18	20
18	22
18	38
18	41
18	54
18	75
18	80
18	83
18	84
18	94
18	95
19	22
19	23
19	39
19	66
19	71
19	81
19	83
19	85
19	92
19	95
20	23
20	30
20	34
20	57
20	64
20	70
20	82
20	98
20	100
21	35
21	50
21	73
22	32
22	33
22	39
22	41
22	45
22	48
22	65
22	69
22	71
22	73
22	77
22	88
22	95
22	97
23	25
23	30
23	33
23	35
23	43
23	55
23	97
24	25
24	34
24	49
24	60
24	70
24	75
24	79
24	93
25	34
25	35
25	60
25	65
25	69
25	79
25	80
25	81
25	82
25	90
26	28
26	31
26	41
26	49
26	51
26	67
26	68
26	70
26	84
26	88
27	32
27	34
27	35
27	40
27	47
27	55
27	69
27	72
27	86
27	94
28	31
28	35
28	45
28	67
28	91
29	34
29	35
29	63
29	67
29	69
29	74
29	90
29	94
29	100
30	48
30	53
30	56
30	61
30	65
30	90
30	93
31	40
31	49
31	54
31	59
31	71
31	81
31	82
31	83
31	94
31	97
32	44
32	46
32	49
32	52
32	61
32	85
33	54
33	57
33	65
33	70
33	84
33	91
33	92
33	93
33	94
34	35
34	38
34	42
34	51
34	63
34	81
35	39
35	58
35	75
35	79
35	87
35	90
35	91
35	97
36	39
36	51
36	56
36	75
36	78
36	90
36	94
37	41
37	56
37	62
37	81
37	89
37	94
37	96
38	55
38	59
38	78
38	79
38	85
39	55
39	61
39	80
39	82
39	86
39	88
40	47
40	59
40	68
40	71
40	85
40	88
40	91
40	99
41	48
41	55
41	59
41	64
41	65
41	95
41	97
41	98
42	52
42	57
42	59
42	67
42	69
42	70
42	75
42	88
42	95
43	58
43	71
44	49
44	51
44	60
44	64
44	84
44	86
44	89
45	54
45	58
45	78
45	82
45	85
45	91
45	96
46	49
46	52
46	75
46	77
46	83
46	91
46	98
47	60
47	68
47	87
48	68
48	87
48	93
49	62
49	63
49	86
49	90
49	97
49	99
50	65
50	66
50	72
50	79
50	92
50	94
51	54
51	59
51	62
51	85
51	96
51	98
52	72
52	74
52	79
52	85
52	95
53	60
53	61
53	62
53	67
53	77
54	66
54	68
54	79
54	84
54	88
54	92
55	59
55	62
55	67
55	75
55	86
55	87
56	72
57	67
57	73
57	74
57	85
57	92
57	99
58	60
58	71
58	76
58	79
58	85
58	95
59	72
59	80
59	91
59	100
60	76
60	87
60	93
61	82
61	90
61	93
61	96
61	99
62	65
62	73
62	86
62	89
62	91
63	71
63	80
63	83
63	85
63	87
63	93
64	69
64	76
64	94
65	66
65	71
65	93
66	75
66	80
66	85
66	99
67	80
67	83
67	86
67	96
68	75
68	78
68	82
69	76
69	88
70	74
70	75
70	83
70	84
70	89
71	80
71	84
71	89
71	97
71	98
72	79
72	83
72	91
73	76
73	79
73	95
73	97
74	83
74	88
74	89
74	91
74	96
75	81
75	82
75	90
75	92
75	94
75	97
76	77
76	79
77	82
77	94
77	99
78	80
78	82
79	91
79	99
80	94
80	97
81	86
81	89
82	91
83	86
83	98
84	92
85	93
86	95
89	94
90	93
90	97
91	100
93	95
93	100
94	96
96	97
96	99
97	98

//ER图1000个节点
1000	2454
1	262
1	477
1	480
1	485
1	621
1	688
1	801
2	236
2	873
3	29
3	100
3	125
3	181
3	306
3	380
3	396
3	743
3	943
4	50
4	85
4	970
5	32
5	67
6	372
6	441
6	569
6	587
6	782
7	160
7	509
7	511
7	543
7	767
7	811
8	538
8	694
8	846
9	82
9	392
9	499
9	742
9	890
10	413
10	472
10	561
10	983
11	49
11	252
11	465
11	550
11	703
12	241
12	815
13	235
13	614
13	624
14	228
14	540
14	632
15	196
15	594
15	739
15	908
16	210
16	232
16	290
16	823
17	33
17	769
18	130
18	643
18	910
19	76
19	155
19	540
19	737
19	973
20	93
20	467
20	544
20	723
20	1000
21	196
21	643
21	683
22	172
22	438
22	711
22	939
23	242
23	529
24	276
24	280
24	299
24	336
24	344
24	471
24	489
25	326
25	419
25	511
25	827
26	91
26	241
26	440
26	486
26	491
27	278
27	563
27	753
27	779
28	55
28	160
28	298
28	324
28	451
29	457
29	645
30	100
30	322
30	355
30	433
30	542
30	827
31	51
31	263
31	328
31	616
31	712
32	308
32	327
32	534
32	713
32	891
32	927
32	958
33	109
33	162
33	450
33	676
33	716
33	874
34	402
34	644
34	950
35	517
35	703
35	757
35	799
36	260
36	360
36	611
36	795
36	876
37	281
37	314
37	611
37	848
37	970
38	150
38	270
38	828
38	867
39	441
39	481
39	522
39	559
39	649
39	932
39	981
40	70
40	327
40	453
40	774
40	978
41	163
41	236
41	629
41	720
41	850
41	952
41	971
42	122
42	181
42	353
42	444
42	537
42	975
43	519
43	710
43	827
44	204
44	327
44	343
44	762
44	769
44	893
45	680
45	749
46	51
46	292
46	400
46	475
46	807
46	810
47	57
47	283
47	294
47	423
47	542
47	583
47	747
48	377
48	387
48	667
48	740
49	540
49	856
49	992
50	353
50	544
51	269
52	254
52	753
52	771
53	87
53	213
53	474
53	720
53	882
53	956
54	138
54	185
54	308
54	396
54	513
54	533
55	414
55	447
55	770
55	972
56	173
56	593
56	833
56	839
57	555
57	766
57	767
57	852
58	63
58	79
58	231
58	320
58	400
58	860
59	197
59	534
59	742
59	884
60	107
60	308
60	382
60	438
60	470
60	605
60	844
60	864
60	885
61	271
61	760
61	923
62	440
62	442
62	852
63	64
63	147
63	159
63	188
63	200
63	355
63	761
63	777
63	788
64	134
64	415
64	692
65	109
65	454
65	797
65	944
65	995
66	100
66	156
66	340
66	459
67	145
67	510
67	554
67	693
67	965
68	88
68	594
68	663
68	687
68	756
68	848
69	185
70	134
70	391
70	540
70	724
70	826
71	153
71	246
71	253
71	369
71	593
71	677
72	630
72	935
73	151
73	230
73	495
73	516
73	746
74	444
74	567
74	624
74	667
74	764
74	944
74	986
75	252
75	306
75	502
75	621
76	115
76	353
76	443
76	472
76	862
77	282
77	980
78	916
78	928
78	937
78	960
79	207
79	387
79	391
79	407
79	501
79	719
79	819
79	821
80	293
80	556
81	394
81	396
81	607
81	763
81	769
81	780
81	988
82	83
82	263
82	699
82	868
82	900
82	983
82	995
83	470
83	671
84	319
84	338
84	373
84	794
84	843
85	225
85	245
85	300
85	401
85	438
85	549
85	934
87	202
87	250
88	114
88	286
88	340
88	745
89	180
89	950
89	998
90	233
90	404
90	540
90	607
91	427
91	530
91	547
91	577
91	991
92	166
92	648
92	857
93	564
93	613
93	640
93	671
93	807
93	818
94	179
94	199
94	275
94	487
95	159
95	735
95	799
95	922
96	122
96	604
96	646
97	236
97	358
97	644
98	464
98	578
98	793
98	973
99	214
99	262
99	647
99	857
99	934
100	118
100	494
100	665
100	712
101	583
101	728
101	845
102	458
102	674
103	702
103	856
104	132
104	233
104	300
104	375
104	583
104	597
104	894
104	973
104	997
105	453
105	512
105	537
105	767
105	792
105	843
105	870
106	487
106	525
106	670
106	673
107	117
107	530
107	710
107	808
108	944
109	332
109	566
109	630
109	769
109	775
109	806
109	928
110	233
110	391
110	680
110	694
110	755
111	577
111	708
111	759
111	900
112	323
112	591
112	921
113	346
113	391
113	542
113	550
113	773
114	195
114	314
114	487
114	703
114	707
114	737
115	218
115	301
115	502
115	659
115	921
115	998
116	477
116	799
117	148
117	221
117	260
117	473
117	612
117	659
118	300
118	488
118	555
118	593
118	925
119	149
119	225
119	379
119	530
119	542
119	857
120	128
120	182
120	428
121	414
121	538
121	767
121	864
121	922
122	136
122	245
122	443
122	562
122	614
122	765
122	913
123	446
123	567
123	647
123	789
123	790
124	564
124	572
124	915
125	238
125	610
125	664
125	873
125	905
125	943
126	803
126	838
126	925
127	187
127	349
127	353
127	482
127	543
127	823
127	972
128	183
128	455
128	614
128	642
128	761
128	799
129	334
129	451
129	460
129	824
130	504
130	638
130	865
130	885
130	905
131	205
132	243
132	425
132	490
132	704
132	891
132	960
133	175
133	279
133	342
133	359
134	591
134	598
134	930
135	220
135	413
135	426
135	783
136	409
136	687
137	211
137	610
137	634
137	923
138	837
139	901
140	421
140	562
140	564
140	575
140	576
140	692
140	723
140	911
141	259
141	274
142	293
142	537
142	987
143	324
143	340
143	346
143	574
143	689
143	769
144	665
145	542
145	712
145	732
145	844
146	209
146	586
146	607
146	857
146	904
147	260
148	667
148	776
148	781
148	845
149	313
149	674
149	738
149	793
149	872
150	445
150	644
150	991
151	191
151	398
151	400
151	469
151	653
151	730
152	170
152	211
152	437
152	933
153	203
153	526
153	908
154	235
154	643
154	771
154	795
154	925
154	967
154	985
155	192
156	582
157	245
157	545
158	962
159	275
159	367
159	560
159	692
159	827
159	965
159	982
160	173
160	234
160	633
160	678
160	956
161	485
161	776
162	261
162	376
162	619
162	651
162	879
162	972
163	376
163	382
163	546
163	875
164	181
164	234
164	386
164	616
164	694
164	957
165	310
165	538
165	636
165	656
165	825
165	939
166	185
166	366
166	420
166	576
166	586
166	689
166	727
166	929
166	956
166	994
167	171
167	462
167	713
167	797
167	925
168	339
168	725
168	836
169	243
169	436
169	669
170	294
170	549
170	859
171	192
171	270
171	293
171	529
171	638
171	916
172	352
172	773
172	977
173	191
173	237
173	413
173	428
173	459
173	531
173	573
173	800
174	224
174	250
174	320
174	633
174	758
174	832
174	885
174	932
174	971
175	810
176	480
177	182
177	346
177	702
177	814
177	995
178	206
178	338
178	544
178	743
178	847
178	935
179	631
179	757
180	282
180	311
180	618
180	639
180	899
181	196
181	306
181	837
182	605
182	697
182	833
182	905
182	965
183	271
183	629
184	200
184	230
184	439
184	985
185	459
185	678
185	685
185	966
185	977
186	252
186	318
186	355
186	588
186	620
186	685
186	849
187	594
187	619
187	780
187	890
187	973
188	505
188	586
188	821
188	879
188	891
189	502
189	504
189	694
189	714
189	864
190	267
190	288
190	359
190	516
190	608
190	920
191	362
191	426
191	775
191	854
191	943
192	329
192	703
194	682
195	325
195	382
195	528
195	532
195	593
195	709
195	890
196	208
196	734
197	244
197	723
198	610
198	833
199	471
199	662
199	749
199	896
200	215
200	281
200	443
200	466
200	568
200	813
201	659
202	362
202	608
203	222
203	447
203	492
204	689
204	757
204	985
204	994
205	216
205	296
205	375
205	606
205	618
205	809
205	976
206	523
207	640
207	770
207	865
208	324
208	354
208	479
208	502
208	670
208	990
209	611
209	641
209	853
209	903
210	645
210	679
210	952
211	267
211	348
211	492
211	918
212	787
212	833
213	618
213	890
213	952
213	958
213	992
214	268
215	460
215	568
215	767
216	417
216	669
216	816
216	879
216	933
217	286
217	465
217	705
218	616
219	811
219	843
219	955
220	251
220	594
220	685
220	705
221	283
221	657
221	767
221	897
222	343
223	293
223	674
224	277
224	496
224	807
224	925
225	259
225	303
225	586
225	786
225	900
225	946
225	969
226	490
226	510
226	666
226	850
227	934
228	498
228	604
229	327
229	395
229	641
229	763
229	848
229	852
230	278
230	610
230	623
230	982
231	863
232	251
232	253
232	277
232	925
232	962
234	469
234	935
235	377
235	536
235	574
235	634
235	755
235	876
235	917
235	918
235	937
236	423
236	710
236	788
237	244
237	300
237	433
237	673
237	715
237	964
238	315
238	362
238	641
238	814
239	538
239	595
239	640
239	786
239	935
240	412
241	872
241	983
242	251
242	434
242	471
242	705
242	803
243	280
243	445
243	580
243	611
243	875
243	930
244	365
244	408
244	452
244	509
244	548
244	568
244	647
244	767
244	777
245	409
245	689
245	711
245	803
245	836
245	899
246	252
246	357
247	319
247	714
247	819
247	973
247	988
248	518
248	604
248	815
248	936
249	433
249	686
249	855
250	400
250	427
250	536
250	757
250	869
250	988
251	261
251	592
251	904
251	924
251	989
252	536
252	885
252	946
253	313
253	437
253	471
253	534
253	642
254	949
255	282
255	318
255	349
255	549
255	857
255	869
256	447
256	763
257	329
257	364
257	392
257	420
257	444
257	575
258	565
258	706
258	720
258	896
259	291
259	500
259	698
259	952
260	420
260	528
261	509
261	531
261	586
261	738
261	835
262	315
262	856
263	387
263	783
263	819
264	385
264	554
264	964
265	285
265	735
265	843
266	552
266	718
266	824
266	965
267	583
267	685
267	697
267	867
268	539
268	603
269	362
270	653
271	295
271	423
271	425
271	488
271	584
271	748
271	758
272	357
272	450
272	455
272	470
272	931
272	970
273	277
273	445
273	464
273	524
273	610
273	702
274	407
274	418
274	647
275	436
275	819
275	891
275	930
276	292
276	458
277	332
277	658
277	857
277	881
278	491
278	549
278	550
278	694
278	770
278	914
279	401
279	573
279	609
279	743
279	986
280	774
280	949
281	737
281	742
281	877
282	301
282	322
282	365
282	391
282	598
282	712
282	745
282	918
283	288
283	354
284	329
284	619
285	494
285	702
285	831
285	835
286	379
286	398
286	430
286	496
286	558
286	646
286	668
287	641
287	642
287	870
288	303
288	348
288	489
289	583
289	701
290	577
290	706
290	714
290	895
290	938
290	961
291	345
291	415
291	565
291	570
292	334
292	609
292	645
292	757
292	947
293	420
293	458
293	475
293	776
293	890
293	977
294	505
294	652
294	654
295	589
296	311
296	375
296	561
296	680
296	996
297	351
297	455
297	812
297	847
297	905
298	876
299	307
299	331
299	453
299	473
299	892
299	950
299	989
300	523
300	748
300	819
300	839
300	885
301	583
301	746
301	758
301	773
302	324
302	424
302	543
302	915
303	688
303	778
303	976
304	364
304	631
305	389
305	552
305	796
305	977
306	953
307	312
307	543
307	583
307	973
307	999
308	543
309	630
309	805
309	889
310	518
310	574
310	694
311	402
311	933
311	963
312	367
312	488
312	532
312	637
312	776
312	952
313	635
314	439
315	400
315	454
315	854
315	884
315	971
316	370
316	673
316	717
316	802
317	670
318	335
318	723
318	790
318	849
319	806
319	833
319	847
320	501
320	677
320	949
321	341
321	353
321	525
321	535
321	718
321	829
322	572
322	690
322	767
322	833
322	936
323	341
323	772
323	801
324	482
324	577
324	584
324	844
324	891
325	644
325	765
325	882
326	396
327	950
328	576
329	644
329	645
329	731
329	756
330	795
330	819
331	637
331	854
331	875
332	371
332	456
332	562
332	904
333	404
333	454
333	460
333	624
333	656
333	784
334	695
334	984
335	613
336	537
336	697
336	709
336	827
336	984
337	467
338	372
338	447
338	463
338	510
338	690
339	652
339	842
340	691
340	734
340	823
341	779
342	755
342	899
343	458
343	474
343	544
343	990
344	440
344	722
344	847
344	965
344	966
345	365
345	415
345	884
346	601
346	642
346	756
346	864
346	929
347	388
347	534
347	629
348	693
349	418
349	480
349	797
350	357
350	475
350	718
350	754
350	782
350	876
351	618
351	847
351	887
352	564
352	572
352	691
352	876
352	892
352	975
354	613
354	700
354	926
355	449
355	460
355	483
355	759
355	822
355	907
356	572
356	668
356	704
356	928
356	941
357	403
357	408
357	659
357	669
357	806
358	578
358	896
358	942
359	403
359	958
359	976
360	505
360	703
361	536
362	683
362	755
363	688
363	767
363	850
363	976
364	597
364	640
364	645
364	962
365	671
365	932
366	562
366	594
366	952
366	994
367	396
367	417
367	542
367	648
367	929
367	968
367	1000
368	397
368	602
368	995
369	387
369	711
369	787
370	396
370	926
371	626
371	775
372	489
373	420
373	809
374	674
374	827
374	848
374	945
375	652
376	562
376	656
377	497
377	817
377	876
377	943
377	963
377	975
378	895
379	380
379	515
379	535
379	544
379	582
379	810
380	770
380	980
382	656
383	492
383	551
383	629
383	875
383	926
385	403
385	923
385	935
385	992
386	458
386	559
386	788
386	968
387	855
388	402
388	814
388	998
389	696
389	857
390	403
390	511
390	892
391	431
391	655
391	837
392	609
392	897
393	550
393	595
393	895
393	942
394	417
394	935
395	717
395	949
396	420
396	749
396	846
396	894
397	502
397	578
397	588
398	583
398	731
398	741
398	750
399	725
399	869
400	435
400	735
400	775
400	846
401	478
401	738
401	821
401	846
402	622
402	659
403	886
404	945
405	482
405	720
405	925
405	986
406	563
406	666
406	830
406	837
407	550
407	576
407	643
407	871
408	732
408	805
408	905
408	915
409	449
409	565
409	742
409	860
410	547
410	746
411	546
411	594
411	623
412	601
412	894
412	901
413	453
413	559
413	743
413	956
414	421
414	515
414	567
415	499
415	561
415	825
415	849
415	954
416	438
416	656
416	876
417	578
417	861
417	865
418	466
418	870
420	488
421	848
422	474
422	684
422	821
422	883
423	580
423	613
423	658
423	910
423	947
424	981
425	953
426	550
426	838
426	936
427	583
427	589
427	672
427	894
428	528
428	542
428	573
429	464
429	630
429	984
430	677
430	833
431	662
431	702
431	763
431	859
432	594
433	516
433	544
433	554
433	564
433	584
433	639
433	781
433	846
435	880
436	513
436	823
436	873
437	443
437	501
437	505
438	562
438	696
438	739
439	440
439	505
439	788
440	706
441	518
441	570
441	892
442	569
442	580
443	872
443	934
444	488
444	498
444	985
445	605
445	646
445	681
445	909
445	917
446	454
446	789
446	838
447	940
449	590
449	690
449	707
449	815
449	931
450	536
450	722
450	731
451	579
452	598
452	814
452	929
452	941
453	550
453	673
453	863
453	901
454	615
454	801
454	912
455	558
455	619
455	931
455	936
456	804
456	955
457	580
457	647
457	701
457	773
457	888
457	965
458	726
458	941
459	557
459	739
460	904
460	929
461	978
462	474
462	562
462	674
462	944
463	516
463	588
463	653
463	724
463	909
463	962
464	563
464	585
464	658
464	899
465	470
465	661
465	746
465	960
466	526
466	857
466	961
467	613
467	765
467	787
468	651
468	975
471	563
471	837
471	939
471	967
471	968
472	602
472	879
473	536
473	611
473	973
474	478
474	826
474	851
474	980
475	567
475	594
476	928
477	579
477	879
478	635
478	824
478	918
480	568
480	576
480	579
480	844
481	864
481	906
482	706
483	624
483	900
484	512
484	534
485	532
485	600
485	730
485	844
485	855
486	518
486	580
486	586
486	594
487	781
488	673
488	693
488	736
488	804
488	942
489	599
490	698
490	791
491	954
492	578
492	857
493	877
493	995
494	669
494	677
494	824
494	961
495	865
497	625
497	626
497	750
497	915
498	811
498	821
498	924
499	543
499	626
499	899
500	522
500	527
500	572
500	585
500	827
501	669
501	765
501	775
501	931
502	536
502	718
502	886
502	939
502	984
503	934
504	889
504	988
505	516
505	919
505	986
506	763
506	874
506	975
507	793
507	837
507	945
508	579
508	606
508	667
508	876
508	885
508	906
509	774
509	823
510	775
510	808
511	877
511	951
512	704
512	843
512	898
513	558
513	610
513	725
513	996
514	519
514	534
514	612
514	633
514	648
514	731
515	737
515	875
515	889
515	966
518	731
518	816
519	849
519	973
520	544
520	766
520	903
521	628
521	933
522	827
522	914
523	579
523	795
524	563
524	760
524	949
524	971
524	977
525	574
525	711
525	766
525	803
525	970
526	838
526	870
527	593
527	772
527	947
527	960
528	535
528	536
528	562
528	646
528	713
529	631
529	648
529	787
530	638
532	584
532	770
532	834
534	558
534	713
534	757
534	842
535	647
535	866
535	903
535	959
535	978
536	630
536	948
537	634
537	714
537	837
538	629
538	718
538	735
538	936
539	759
539	764
540	619
541	613
541	632
541	937
541	983
542	718
542	849
542	851
542	945
542	978
543	637
543	911
544	644
545	564
545	652
546	580
546	708
546	738
546	980
547	587
547	909
550	646
550	819
550	848
551	579
551	586
551	673
552	711
552	991
554	880
555	629
555	675
555	881
555	923
556	755
556	884
557	597
557	621
557	835
557	899
558	970
559	861
559	953
562	572
562	668
563	610
563	805
563	869
564	574
564	883
565	702
565	756
565	759
566	631
566	687
566	957
566	978
568	647
568	836
568	931
569	934
569	935
570	578
570	984
571	634
571	709
571	789
573	679
574	762
574	806
574	957
575	697
575	904
577	723
578	973
579	618
579	969
580	653
580	770
580	824
581	714
581	797
581	864
581	914
581	936
582	712
582	863
582	1000
583	695
585	647
586	813
586	888
587	632
589	737
590	984
592	835
592	864
592	992
594	665
596	835
597	895
598	669
600	605
600	657
601	673
602	685
602	687
603	708
603	940
603	984
604	740
605	992
606	859
606	942
606	953
607	829
608	691
609	633
609	766
609	843
609	901
610	704
610	729
610	830
610	884
610	891
612	643
612	650
612	680
612	749
612	883
613	955
614	653
614	743
614	906
614	932
615	714
615	938
616	682
616	851
617	837
617	967
618	753
618	866
618	884
618	913
618	918
618	988
619	842
620	796
622	650
622	764
623	842
623	932
624	654
625	807
627	744
627	961
628	968
629	842
629	927
630	982
631	764
631	804
632	877
633	636
633	942
634	667
634	910
634	921
634	949
635	923
636	715
636	800
636	886
636	911
637	660
637	840
638	693
640	733
640	768
640	986
641	747
641	913
641	916
641	923
641	936
642	694
642	810
642	825
642	931
643	741
643	751
643	955
644	756
645	654
645	675
645	681
645	848
645	897
645	898
645	937
649	780
649	791
649	924
650	671
650	679
650	696
650	838
650	889
652	667
652	911
652	961
653	738
654	926
655	795
656	863
657	750
657	837
657	857
657	891
657	923
657	940
658	683
658	917
659	735
659	786
660	681
660	754
660	933
660	948
661	696
661	738
661	925
661	957
662	964
663	675
664	744
664	748
664	942
665	693
665	735
665	985
666	938
667	885
668	722
668	766
668	962
669	893
670	776
670	940
670	950
671	890
673	862
674	685
674	823
674	848
674	971
675	781
675	843
675	925
676	834
676	848
677	746
677	833
677	918
679	883
679	985
680	985
681	708
682	757
682	789
684	750
684	764
684	788
684	849
685	854
686	772
686	802
688	841
691	806
692	818
692	950
693	768
693	773
693	798
694	922
694	979
696	813
696	837
696	889
697	743
697	884
698	705
698	745
699	739
699	844
699	910
699	971
700	933
701	812
701	915
702	710
702	724
702	803
702	940
702	1000
703	705
703	814
704	917
707	713
707	882
707	939
707	943
708	950
709	869
709	932
709	938
710	880
710	912
711	806
712	753
713	782
714	729
714	880
716	764
717	781
718	838
719	766
720	852
720	855
720	992
721	778
721	805
721	845
721	867
721	909
722	809
722	906
722	937
723	844
724	733
724	944
726	737
726	878
727	826
729	876
730	840
731	794
732	734
733	969
734	839
734	935
735	872
735	929
735	990
736	983
737	779
737	820
737	829
738	898
738	965
738	973
738	984
739	769
740	854
742	770
745	771
745	944
746	846
748	825
749	977
751	797
751	855
751	856
754	880
755	829
755	929
757	825
757	915
758	815
758	939
759	885
760	871
760	985
762	877
762	997
763	926
764	942
765	995
767	930
768	875
770	970
770	995
771	772
771	809
771	896
772	898
772	918
773	846
773	936
774	871
775	779
775	811
776	849
777	925
778	947
779	817
781	870
781	955
783	809
783	836
784	900
785	866
786	920
787	901
787	981
788	950
789	823
790	865
792	801
792	986
794	982
794	990
795	870
795	887
795	917
796	883
799	861
800	801
800	905
800	920
803	859
803	879
804	969
806	846
806	915
807	912
808	953
809	870
809	980
810	951
811	853
813	891
814	855
814	905
814	928
815	857
816	997
818	844
818	918
818	934
818	998
819	941
820	844
821	836
821	865
821	930
821	970
822	952
824	929
825	949
826	842
828	851
828	915
832	857
832	916
832	986
834	956
836	857
838	857
838	926
841	935
843	910
843	929
843	963
844	953
845	928
846	954
847	905
848	857
848	912
850	958
850	964
852	950
852	959
854	886
860	868
860	926
865	895
865	922
869	894
869	947
870	890
874	974
876	894
877	893
878	951
882	891
882	941
883	941
883	994
886	946
887	959
888	952
889	977
891	932
892	896
893	944
894	922
896	986
897	941
899	901
899	998
900	951
904	975
905	947
911	926
912	926
912	975
914	957
917	942
924	927
924	931
927	966
930	947
933	975
944	961
945	960
946	993
946	996
950	964
952	999
